{
 "cells": [
  {
   "cell_type": "markdown",
   "metadata": {},
   "source": [
    "#Theoretical model for a mixture of charged colloids, with counterions and salt and a polymer depletant"
   ]
  },
  {
   "cell_type": "markdown",
   "metadata": {},
   "source": [
    "###Required imports\n",
    "\n",
    "---"
   ]
  },
  {
   "cell_type": "code",
   "execution_count": 1,
   "metadata": {
    "collapsed": false
   },
   "outputs": [],
   "source": [
    "import os\n",
    "import csv\n",
    "import pandas as pd\n",
    "import numdifftools as nd\n",
    "from math import pi, exp, sqrt, log\n",
    "from numpy.linalg import det, slogdet\n",
    "from numpy import array\n",
    "import matplotlib.pyplot as plt\n",
    "import collections\n",
    "import functools\n",
    "import pickle\n",
    "%matplotlib inline "
   ]
  },
  {
   "cell_type": "markdown",
   "metadata": {},
   "source": [
    "###Create a memoized class to decorate some functions with and prevent trivial re-evaluation\n",
    "\n",
    "---"
   ]
  },
  {
   "cell_type": "code",
   "execution_count": 2,
   "metadata": {
    "collapsed": true
   },
   "outputs": [],
   "source": [
    "class memoized(object):\n",
    "    '''Decorator. Caches a function's return value each time it is called.\n",
    "    If called later with the same arguments, the cached value is returned\n",
    "    (not reevaluated).\n",
    "    '''\n",
    "    def __init__(self, func):\n",
    "        self.func = func\n",
    "        self.cache = {}\n",
    "    def __call__(self, *args):\n",
    "        if not isinstance(args, collections.Hashable):\n",
    "            # uncacheable. a list, for instance.\n",
    "            # better to not cache than blow up.\n",
    "            return self.func(*args)\n",
    "        if args in self.cache:\n",
    "            return self.cache[args]\n",
    "        else:\n",
    "            value = self.func(*args)\n",
    "            self.cache[args] = value\n",
    "            return value\n",
    "    def __repr__(self):\n",
    "        '''Return the function's docstring.'''\n",
    "        return self.func.__doc__\n",
    "    def __get__(self, obj, objtype):\n",
    "        '''Support instance methods.'''\n",
    "        return functools.partial(self.__call__, obj)"
   ]
  },
  {
   "cell_type": "markdown",
   "metadata": {},
   "source": [
    "###Function to make the hard sphere RDF dictionary\n",
    "This reads in all of the hard sphere g(r) csv files in \"\\data\\hs_structure\\\" of the working directory and places each (in order of increasing volumne fraction) into a pandas dataframe. There is also an \"r\" column that correpsonds to the radial distance and appears at the very end of the dataframe\n",
    "\n",
    "**NOTE**: the RDF files must start at zero volume fraction and increase in one fixed increment (automatically detected when read in)\n",
    "\n",
    "---"
   ]
  },
  {
   "cell_type": "code",
   "execution_count": 3,
   "metadata": {
    "collapsed": true
   },
   "outputs": [],
   "source": [
    "#read each rdf file at each volume fraction and store in a dictionary within a dictionary\n",
    "#with volume fraction as the first key and r as the second key for very rapid read\n",
    "def load_hs_rdf_data(rdf_directory):    \n",
    "    rdf_files = os.listdir(rdf_directory) \n",
    "    \n",
    "    rdf_file = rdf_files[0] #extract first filename\n",
    "    eta = rdf_file[-11:-4] #extract the volume fraction from filename\n",
    "    rdf_data = pd.read_csv(filepath_or_buffer = rdf_directory + rdf_file, header = None, names = [\"r\", float(eta)]) \n",
    "    \n",
    "    for rdf_file in rdf_files[1:]: #loop over the various files in the rdf_data folder\n",
    "        eta = rdf_file[-11:-4]\n",
    "        rdf_data_2 = pd.read_csv(filepath_or_buffer = rdf_directory + rdf_file, header = None, names = [\"r\", float(eta)])[float(eta)]\n",
    "        rdf_data = pd.concat([rdf_data, rdf_data_2], axis=1)   \n",
    "    \n",
    "    rdf_data = rdf_data.reindex_axis(sorted(rdf_data.columns), axis=1) #make sure columns go in ascending order of volume fraction\n",
    "        \n",
    "    return rdf_data"
   ]
  },
  {
   "cell_type": "markdown",
   "metadata": {},
   "source": [
    "###Function to create an RDF at a specified volume fraction\n",
    "This works by linearly interpolating between the two nearest stored volume fractions.\n",
    "\n",
    "---"
   ]
  },
  {
   "cell_type": "code",
   "execution_count": 4,
   "metadata": {
    "collapsed": false
   },
   "outputs": [],
   "source": [
    "#takes as input the desired volume fraction and the gr data in dataframe format\n",
    "#and linearly interpolates between the two nearest stored volume fractions\n",
    "@memoized\n",
    "def calculate_rdf(eta, d):\n",
    "    rdf = pd.DataFrame()\n",
    "    \n",
    "    eta_inc = rdf_data.columns[1] #store the eta increment\n",
    "    eta_max = rdf_data.columns[-2] #store the maximum eta to check if overstepped\n",
    "    upper_index = int(eta / eta_inc) + 1 #for storing the nearest low and high volume fractions\n",
    "    lower_index = int(eta / eta_inc)\n",
    "    \n",
    "    if eta >= eta_max:\n",
    "        print \"error: eta is too large to calculate!\"\n",
    "        return rdf\n",
    "    try:\n",
    "        eta_upper = rdf_data.columns[upper_index] #grab the lower and upper packing fractions for interpolation\n",
    "        eta_lower = rdf_data.columns[lower_index]\n",
    "    except:\n",
    "        print \"error: something went wrong with rdf calculation!\"\n",
    "        return rdf\n",
    "    \n",
    "    #create the interpolated rdf\n",
    "    rdf[\"gr\"] = ((eta_upper - eta)/(eta_upper - eta_lower))*rdf_data[eta_lower] + ((eta - eta_lower)/(eta_upper - eta_lower))*rdf_data[eta_upper]\n",
    "    rdf[\"r\"] = d*rdf_data[\"r\"]\n",
    "    return rdf"
   ]
  },
  {
   "cell_type": "markdown",
   "metadata": {},
   "source": [
    "###Load RDF data into memory\n",
    "The loaded RDF data will be used as a **global** variable to avoid having to copy things around from one function to another. All RDF's are normalized to use a core diameter of unit length which is then easily converted (by rescaling r) to another of different size when generating the desired interpolated RDF.\n",
    "\n",
    "---"
   ]
  },
  {
   "cell_type": "markdown",
   "metadata": {},
   "source": [
    "**Global structure variable**"
   ]
  },
  {
   "cell_type": "code",
   "execution_count": 5,
   "metadata": {
    "collapsed": false
   },
   "outputs": [],
   "source": [
    "rdf_data = load_hs_rdf_data(\"data/hs_structure/\")"
   ]
  },
  {
   "cell_type": "markdown",
   "metadata": {},
   "source": [
    "Example calculation of an RDF follows as:"
   ]
  },
  {
   "cell_type": "code",
   "execution_count": 6,
   "metadata": {
    "collapsed": false
   },
   "outputs": [
    {
     "name": "stdout",
     "output_type": "stream",
     "text": [
      "         gr     r\n",
      "0  2.741410  4.00\n",
      "1  2.697945  4.02\n",
      "2  2.655185  4.04\n",
      "3  2.613303  4.06\n",
      "4  2.572280  4.08\n"
     ]
    }
   ],
   "source": [
    "rdf = calculate_rdf(0.332, 4.0)\n",
    "if not rdf.empty:\n",
    "    print rdf.head()"
   ]
  },
  {
   "cell_type": "code",
   "execution_count": 7,
   "metadata": {
    "collapsed": false
   },
   "outputs": [
    {
     "name": "stdout",
     "output_type": "stream",
     "text": [
      "error: eta is too large to calculate!\n"
     ]
    }
   ],
   "source": [
    "rdf = calculate_rdf(0.61, 2.0)\n",
    "if not rdf.empty:\n",
    "    print rdf.head()"
   ]
  },
  {
   "cell_type": "markdown",
   "metadata": {},
   "source": [
    "###Calculates ideal free energy contribution\n",
    "This is comprised of the large colloids (or polyions), the polymer and the two monovalent ions. The form I use below is technically incorrect as the density has dimensions and I apply a log to it. This is irrelevant though as any arbitrary constant volume multiplicative factor can be introduced in the log without penalty. Upon taking a derivative with repect to density, one would find this term cancels itself. This is the same as saying the free energy is totally arbitrary to within a constant additive factor\n",
    "\n",
    "---"
   ]
  },
  {
   "cell_type": "code",
   "execution_count": 8,
   "metadata": {
    "collapsed": true
   },
   "outputs": [],
   "source": [
    "def calculate_f_id(p_c, p_p, p_pos, p_neg, d_c, d_p):\n",
    "    \n",
    "    #just creating an arbitrary length scale to non-dimensionalize the log term\n",
    "    vol = (d_c/2.0 + d_p/2.0)**3.0\n",
    "    p = p_c + p_p + p_pos + p_neg\n",
    "    \n",
    "    #ideal contribution containing both mixing and translational entropy\n",
    "    fid = p_c*log(p_c*vol) + p_p*log(p_p*vol) + p_pos*log(p_pos*vol) + p_neg*log(p_neg*vol) - p\n",
    "    \n",
    "    return fid"
   ]
  },
  {
   "cell_type": "markdown",
   "metadata": {},
   "source": [
    "###Calculates perturbative polyion-polyion DLVO free energy contribution\n",
    "I use an approximation due to Hamad which says the non-additive RDF contact values can be determined from a purely hard sphere contact value at a rescaled volume fraction. I go beyond this and extend this argument to say the whole RDF can be approximated as this is needed for the repulsive DLVO pair contribution to the free energy.\n",
    "\n",
    "---"
   ]
  },
  {
   "cell_type": "code",
   "execution_count": 9,
   "metadata": {
    "collapsed": false
   },
   "outputs": [],
   "source": [
    "def cc_perturb_integral(p_c, #state variables (removed p_p)\n",
    "                        n_c, k, #redundant state variables already calculated in calling function\n",
    "                        l, Z_c, d_c, d_p #system parameters\n",
    "                        ):\n",
    "    \n",
    "    #effective charge parameter to be used in calculating the DLVO colloid-colloid pair interaction\n",
    "    Z_eff = Z_c*(exp(k*(d_c/2.0))/(1.0 + k*(d_c/2.0)))\n",
    "    \n",
    "    #use a bare HS fluid (colloid) + ideal point particle (polymer) system as the reference \n",
    "    rdf = calculate_rdf(n_c, d_c)\n",
    "    \n",
    "    #calculate the integral\n",
    "    #the rdf only contains data outside the core region\n",
    "    dr = rdf[\"r\"][1] - rdf[\"r\"][0]\n",
    "    integral = 0.0\n",
    "    for index in rdf.index.values[:-1]:\n",
    "        r_1 = rdf[\"r\"][index]\n",
    "        r_2 = rdf[\"r\"][index + 1]\n",
    "        gr_1 = rdf[\"gr\"][index]\n",
    "        gr_2 = rdf[\"gr\"][index + 1]\n",
    "        Bur_1 = (Z_eff**2.0)*l*(exp(-k*r_1)/r_1)\n",
    "        Bur_2 = (Z_eff**2.0)*l*(exp(-k*r_2)/r_2)\n",
    "        fr_1 = exp(-Bur_1) - 1.0\n",
    "        fr_2 = exp(-Bur_2) - 1.0\n",
    "        integral = integral + (1.0/2.0)*dr*((r_1**2.0)*gr_1*fr_1 + (r_2**2.0)*gr_2*fr_2)\n",
    "        #integral = integral - (1.0/2.0)*dr*((r_1**2.0)*gr_1*Bur_1 + (r_2**2.0)*gr_2*Bur_2)\n",
    "        \n",
    "    return integral\n",
    "\n",
    "#############################################################################################\n",
    "\n",
    "@memoized\n",
    "def calculate_f_ex_dlvo(p_c, p_pos, p_neg, #state variables\n",
    "                        l, Z_c, d_c, d_p #system parameters\n",
    "                        ):\n",
    "    \n",
    "    #calculate various other parameters that make the below expression a little cleaner\n",
    "    #ion variables\n",
    "    p_ions = p_pos + p_neg\n",
    "    s = (2.0*p_pos*p_neg)/p_ions\n",
    "    k = sqrt(4.0*pi*l*p_ions)\n",
    "    #colloid variables\n",
    "    n_c = (pi/6.0)*(d_c**3.0)*p_c\n",
    "        \n",
    "    #breaking up the various contributions for simplicity\n",
    "    f_ex_dlvo_ion_coord = -(p_c*(Z_c**2.0)*(l/d_c))*((k*(d_c/2.0))/(1.0 + k*(d_c/2.0)))\n",
    "    f_ex_dlvo_exc_vol = (n_c*s)/(1.0-n_c)\n",
    "    f_ex_dlvo_neg_mean_field = -(1.0/2.0)*((4.0*pi*l*((p_c*Z_c)**2.0))/(k**2.0))\n",
    "    f_ex_dlvo_pair_perturb = -2.0*pi*(p_c**2.0)*cc_perturb_integral(p_c, n_c, k, l, Z_c, d_c, d_p)\n",
    "    \n",
    "    #total DLVO contribution to the free energy\n",
    "    f_ex_dlvo = f_ex_dlvo_ion_coord + f_ex_dlvo_exc_vol + f_ex_dlvo_neg_mean_field + f_ex_dlvo_pair_perturb\n",
    "    #f_ex_dlvo = f_ex_dlvo_neg_mean_field + f_ex_dlvo_pair_perturb\n",
    "    #return (f_ex_dlvo_ion_coord, f_ex_dlvo_exc_vol, f_ex_dlvo_neg_mean_field*((1.0 + 2.0*k*(d_c/2.0))/((1.0 + k*(d_c/2.0))**2.0)), f_ex_dlvo_pair_perturb)\n",
    "    #return (f_ex_dlvo_ion_coord, f_ex_dlvo_exc_vol, f_ex_dlvo_neg_mean_field, f_ex_dlvo_pair_perturb)\n",
    "    \n",
    "    return f_ex_dlvo"
   ]
  },
  {
   "cell_type": "markdown",
   "metadata": {},
   "source": [
    "###Calculates the perturbative polyion-polymer adsorption free energy contribution\n",
    "This uses a perturbative inclusion of short range attractions between the polyions and polymers. These attractions can be throught of as including both VDW and dipole-ion interactions\n",
    "\n",
    "---"
   ]
  },
  {
   "cell_type": "code",
   "execution_count": 10,
   "metadata": {
    "collapsed": true
   },
   "outputs": [],
   "source": [
    "def calculate_f_ex_int(p_c, p_p, #state variables\n",
    "                        d_c, d_p, R_cp, BA, #system parameters\n",
    "                        ):\n",
    "    \n",
    "    #transform to some helpful variables\n",
    "    n_c = (pi/6.0)*(d_c**3.0)*p_c\n",
    "    \n",
    "    #use a bare HS fluid (colloid) + ideal point particle (polymer) system as the reference \n",
    "    g_contact = 1.0/(1.0 - n_c)\n",
    "    \n",
    "    #interfacial free energy contribution\n",
    "    f_ex_int = -4.0*pi*p_c*p_p*R_cp*((d_c/2.0 + d_p/2.0)**2.0)*g_contact*(exp(BA)-1.0)\n",
    "    \n",
    "    return f_ex_int"
   ]
  },
  {
   "cell_type": "markdown",
   "metadata": {
    "collapsed": true
   },
   "source": [
    "###Calculates the excess contribution of the non-addittive AO model to the free energy\n",
    "This uses the approximate equation of state of Woodward et al. I use this as apposed to the Santos theory as it is simpler and yields similar results to the free volume form which agrees well with Santos.\n",
    "\n",
    "---"
   ]
  },
  {
   "cell_type": "code",
   "execution_count": 11,
   "metadata": {
    "collapsed": true
   },
   "outputs": [],
   "source": [
    "def calculate_f_ex_ao(p_c, p_p, #state variables\n",
    "                      d_c, d_p #system parameters\n",
    "                      ):\n",
    "    \n",
    "    #calculate volume fraction\n",
    "    n_c = (pi/6.0)*(d_c**3.0)*p_c\n",
    "    \n",
    "    #ratio\n",
    "    q = d_p/d_c\n",
    "    \n",
    "    #some parameters\n",
    "    A = 3.0*q + 3.0*(q**2.0) + q**3.0\n",
    "    B = (9.0/2.0)*(q**2.0) + 3.0*(q**3.0)\n",
    "    C = 3.0*(q**3.0)\n",
    "    w = -log(1.0 - n_c) + A*(n_c/(1.0 - n_c)) + B*((n_c/(1.0 - n_c))**2.0) + C*((n_c/(1.0 - n_c))**3.0)\n",
    "    \n",
    "    #free volume theory free energy\n",
    "    f_ex_hs_ref = p_c*(-3.0 + 2.0/(1.0 - n_c) + 1.0/((1.0 - n_c)**2.0)) \n",
    "    f_ex_fv_pert = p_p*w\n",
    "    \n",
    "    #total free energy\n",
    "    f_ex_ao = f_ex_hs_ref + f_ex_fv_pert\n",
    "    \n",
    "    return f_ex_ao   "
   ]
  },
  {
   "cell_type": "markdown",
   "metadata": {
    "collapsed": false
   },
   "source": [
    "###Calculates the total free energy of the colloid-polymer-ion system\n",
    "This just calls the four separate free energy functions and adds them all up. \n",
    "\n",
    "Up to this point I have treated the colloid and ions all as separate entities. Formally this is fine but electroneutrality ultimately sets a linear constraint on what combinations of the three charges species are possible. For this I first assume that the charge on the colloid is positive (as it is in the experimental system) which means the density of positive ions is the density of the added salt in this simple system. Thus, when performing phase coexistence calculations the phases can be expressed as the amount of colloid, polymer and extra salt.\n",
    "\n",
    "---"
   ]
  },
  {
   "cell_type": "code",
   "execution_count": 12,
   "metadata": {
    "collapsed": false
   },
   "outputs": [],
   "source": [
    "def calculate_f_explicit_ions(p_c, p_p, p_pos, p_neg, #state variables\n",
    "               d_c, d_p, #particle sizes\n",
    "               l, Z_c, #ionic solution parameters\n",
    "               R_cp, BA #interfacial attraction parameters\n",
    "               ):\n",
    "    \n",
    "    #ideal\n",
    "    f_id = calculate_f_id(p_c, p_p, p_pos, p_neg, d_c, d_p)\n",
    "    #excess dlvo\n",
    "    f_ex_dlvo = calculate_f_ex_dlvo(p_c, p_pos, p_neg, l, Z_c, d_c, d_p) \n",
    "    #excess c-p interfacial\n",
    "    f_ex_int = calculate_f_ex_int(p_c, p_p, d_c, d_p, R_cp, BA)\n",
    "    #excess ao\n",
    "    f_ex_ao = calculate_f_ex_ao(p_c, p_p, d_c, d_p)\n",
    "    #the whole thing\n",
    "    f = f_id + f_ex_dlvo + f_ex_int + f_ex_ao\n",
    "    \n",
    "    return f"
   ]
  },
  {
   "cell_type": "markdown",
   "metadata": {
    "collapsed": true
   },
   "source": [
    "This is an alternative form that expresses the free energy in terms of densities alone by simply referencing the other form--this makes the stability calculation easier to work with."
   ]
  },
  {
   "cell_type": "code",
   "execution_count": 13,
   "metadata": {
    "collapsed": false
   },
   "outputs": [],
   "source": [
    "def calculate_f(p_c, p_p, p_s, #state variables\n",
    "               d_c, d_p, #particle sizes\n",
    "               l, Z_c, #ionic solution parameters\n",
    "               R_cp, BA, #interfacial attraction parameters\n",
    "               ):\n",
    "    \n",
    "    #calculate the various densities based on specifying the salt density and the colloid and polymer\n",
    "    if Z_c > 0.0:\n",
    "        p_pos = p_s\n",
    "        p_neg = p_pos + Z_c*p_c #charge neutrality condition\n",
    "    else:\n",
    "        p_neg = p_s\n",
    "        p_pos = p_neg - Z_c*p_c #charge neutrality condition\n",
    "    \n",
    "    #sum up the contributions\n",
    "    f = calculate_f_explicit_ions(p_c, p_p, p_pos, p_neg, d_c, d_p, l, Z_c, R_cp, BA)\n",
    "\n",
    "    return (f, f/(p_c + p_p + p_neg + p_pos))"
   ]
  },
  {
   "cell_type": "markdown",
   "metadata": {
    "collapsed": true
   },
   "source": [
    "###Function for calculating the stability matrix and its determinant\n",
    "This calculates the determinant of the 3x3 stability matrix for use in finding homogenous phase spinodal limits. The matrix is only 3x3 despite the 4 components due to charge neutrality. The particular choice I make for the matrix is the 3x3 of chemical potential derivatives with respect to the colloid, polymer and salt particle numbers. Also, the **free energy is per V** (not N) as this simplifies the matrix elements.\n",
    "\n",
    "---"
   ]
  },
  {
   "cell_type": "code",
   "execution_count": 14,
   "metadata": {
    "collapsed": false
   },
   "outputs": [],
   "source": [
    "def calculate_stability_determinant(p_c, p_p, p_s, #state variables\n",
    "                                    d_c, d_p, #particle sizes\n",
    "                                    l, Z_c, #ionic solution parameters \n",
    "                                    R_cp, BA, #interfacial attraction parameters\n",
    "                                    min_step #minimum step to use for hessian calculation\n",
    "                                   ):\n",
    "    \n",
    "    #calculate the hessian matrix\n",
    "    hess_steps = nd.MinStepGenerator(base_step=min_step, step_ratio=2.0, num_steps = 2)\n",
    "    calculate_hessian = lambda x: calculate_f(x[0], x[1], x[2], d_c, d_p, l, Z_c, R_cp, BA)[0]\n",
    "    stability_matrix = nd.Hessian(calculate_hessian, step = hess_steps)([p_c, p_p, p_s])\n",
    "    \n",
    "    #build the 3x3 stability matrix as a numpy array and calculate the determinant \n",
    "    #logdet is used to avoid issues with a small determinant (such as when an instability is reached)\n",
    "    (sign, logdet) = slogdet(stability_matrix)\n",
    "    stability_determinant = sign*exp(logdet)    \n",
    "        \n",
    "    #return the stability determinant\n",
    "    return (stability_matrix, stability_determinant)"
   ]
  },
  {
   "cell_type": "markdown",
   "metadata": {},
   "source": [
    "**Test to see if stability calculation is even working**"
   ]
  },
  {
   "cell_type": "code",
   "execution_count": 16,
   "metadata": {
    "collapsed": false
   },
   "outputs": [
    {
     "name": "stdout",
     "output_type": "stream",
     "text": [
      "0.0477464829276\n",
      "63.6619772368\n",
      "0.9\n",
      "(array([[  1.24951117e+02,   1.21014058e+00,   1.95859299e+01],\n",
      "       [  1.21014058e+00,   1.57079742e-02,   0.00000000e+00],\n",
      "       [  1.95859299e+01,   0.00000000e+00,   2.25887316e+02]]), 106.53138391624279)\n",
      "0.0477464829276\n",
      "70.7355302631\n",
      "1.0\n",
      "(array([[  1.34217579e+02,   1.21014056e+00,   1.95859299e+01],\n",
      "       [  1.21014056e+00,   1.41371643e-02,   0.00000000e+00],\n",
      "       [  1.95859299e+01,   0.00000000e+00,   2.25887316e+02]]), 92.38963486503944)\n",
      "0.0477464829276\n",
      "77.8090832894\n",
      "1.1\n",
      "(array([[  1.43484040e+02,   1.21014056e+00,   1.95859299e+01],\n",
      "       [  1.21014056e+00,   1.28519719e-02,   0.00000000e+00],\n",
      "       [  1.95859299e+01,   0.00000000e+00,   2.25887316e+02]]), 80.819560523413529)\n",
      "0.0477464829276\n",
      "84.8826363157\n",
      "1.2\n",
      "(array([[  1.52750502e+02,   1.21014058e+00,   1.95859299e+01],\n",
      "       [  1.21014058e+00,   1.17809869e-02,   1.18423789e-09],\n",
      "       [  1.95859299e+01,   1.18423789e-09,   2.25887316e+02]]), 71.178135785269689)\n",
      "0.0477464829276\n",
      "91.956189342\n",
      "1.3\n",
      "(array([[  1.62016963e+02,   1.21014058e+00,   1.95859299e+01],\n",
      "       [  1.21014058e+00,   1.08747062e-02,   1.18423789e-09],\n",
      "       [  1.95859299e+01,   1.18423789e-09,   2.25887316e+02]]), 63.017796561797248)\n",
      "0.0477464829276\n",
      "99.0297423683\n",
      "1.4\n",
      "(array([[  1.71283425e+02,   1.21014058e+00,   1.95859299e+01],\n",
      "       [  1.21014058e+00,   1.00979864e-02,   5.92118946e-10],\n",
      "       [  1.95859299e+01,   5.92118946e-10,   2.25887316e+02]]), 56.026552204010507)\n",
      "0.0477464829276\n",
      "106.103295395\n",
      "1.5\n",
      "(array([[  1.80549886e+02,   1.21014059e+00,   1.95859299e+01],\n",
      "       [  1.21014059e+00,   9.42476438e-03,   2.01320442e-08],\n",
      "       [  1.95859299e+01,   2.01320442e-08,   2.25887316e+02]]), 49.96502453600268)\n",
      "0.0477464829276\n",
      "113.176848421\n",
      "1.6\n",
      "(array([[  1.89816348e+02,   1.21014057e+00,   1.95859299e+01],\n",
      "       [  1.21014057e+00,   8.83567234e-03,   1.18423789e-09],\n",
      "       [  1.95859299e+01,   1.18423789e-09,   2.25887316e+02]]), 44.660145859312685)\n",
      "0.0477464829276\n",
      "120.250401447\n",
      "1.7\n",
      "(array([[  1.99082809e+02,   1.21014057e+00,   1.95859299e+01],\n",
      "       [  1.21014057e+00,   8.31592454e-03,  -1.18423789e-09],\n",
      "       [  1.95859299e+01,  -1.18423789e-09,   2.25887316e+02]]), 39.980938253197998)\n",
      "0.0477464829276\n",
      "127.323954474\n",
      "1.8\n",
      "(array([[  2.08349271e+02,   1.21014057e+00,   1.95859299e+01],\n",
      "       [  1.21014057e+00,   7.85398531e-03,   0.00000000e+00],\n",
      "       [  1.95859299e+01,   0.00000000e+00,   2.25887316e+02]]), 35.824380323642998)\n",
      "0.0477464829276\n",
      "134.3975075\n",
      "1.9\n",
      "(array([[  2.17615732e+02,   1.21014055e+00,   1.95859299e+01],\n",
      "       [  1.21014055e+00,   7.44063774e-03,   1.89478063e-08],\n",
      "       [  1.95859299e+01,   1.89478063e-08,   2.25887316e+02]]), 32.103954265203718)\n",
      "0.0477464829276\n",
      "141.471060526\n",
      "2.0\n",
      "(array([[  2.26882194e+02,   1.21014057e+00,   1.95859300e+01],\n",
      "       [  1.21014057e+00,   7.06861295e-03,   1.89478063e-08],\n",
      "       [  1.95859300e+01,   1.89478063e-08,   2.25887317e+02]]), 28.75502116405405)\n",
      "0.0477464829276\n",
      "148.544613552\n",
      "2.1\n",
      "(array([[  2.36148655e+02,   1.21014055e+00,   1.95859299e+01],\n",
      "       [  1.21014055e+00,   6.73201465e-03,  -1.89478063e-08],\n",
      "       [  1.95859299e+01,  -1.89478063e-08,   2.25887317e+02]]), 25.724845627399244)\n",
      "0.0477464829276\n",
      "155.618166579\n",
      "2.2\n",
      "(array([[  2.45415117e+02,   1.21014059e+00,   1.95859300e+01],\n",
      "       [  1.21014059e+00,   6.42599337e-03,   1.89478063e-08],\n",
      "       [  1.95859300e+01,   1.89478063e-08,   2.25887317e+02]]), 22.968865939759553)\n",
      "0.0477464829276\n",
      "162.691719605\n",
      "2.3\n",
      "(array([[  2.54681579e+02,   1.21014053e+00,   1.95859299e+01],\n",
      "       [  1.21014053e+00,   6.14657244e-03,  -1.89478063e-08],\n",
      "       [  1.95859299e+01,  -1.89478063e-08,   2.25887317e+02]]), 20.451918850020338)\n",
      "0.0477464829276\n",
      "169.765272631\n",
      "2.4\n",
      "(array([[  2.63948040e+02,   1.21014056e+00,   1.95859299e+01],\n",
      "       [  1.21014056e+00,   5.89043007e-03,  -1.89478063e-08],\n",
      "       [  1.95859299e+01,  -1.89478063e-08,   2.25887316e+02]]), 18.144172219290443)\n",
      "0.0477464829276\n",
      "176.838825658\n",
      "2.5\n",
      "(array([[  2.73214502e+02,   1.21014054e+00,   1.95859299e+01],\n",
      "       [  1.21014054e+00,   5.65490884e-03,  -3.78956126e-08],\n",
      "       [  1.95859299e+01,  -3.78956126e-08,   2.25887316e+02]]), 16.028881862074272)\n",
      "0.0477464829276\n",
      "183.912378684\n",
      "2.6\n",
      "(array([[  2.82480963e+02,   1.21014057e+00,   1.95859299e+01],\n",
      "       [  1.21014057e+00,   5.43731934e-03,  -3.78956126e-08],\n",
      "       [  1.95859299e+01,  -3.78956126e-08,   2.25887316e+02]]), 14.064910855197587)\n",
      "0.0477464829276\n",
      "190.98593171\n",
      "2.7\n",
      "(array([[  2.91747425e+02,   1.21014061e+00,   1.95859300e+01],\n",
      "       [  1.21014061e+00,   5.23602495e-03,   3.78956126e-08],\n",
      "       [  1.95859300e+01,   3.78956126e-08,   2.25887316e+02]]), 12.257668989929504)\n",
      "0.0477464829276\n",
      "198.059484737\n",
      "2.8\n",
      "(array([[  3.01013886e+02,   1.21014053e+00,   1.95859299e+01],\n",
      "       [  1.21014053e+00,   5.04900773e-03,   2.36847579e-09],\n",
      "       [  1.95859299e+01,   2.36847579e-09,   2.25887316e+02]]), 10.573097270598328)\n",
      "0.0477464829276\n",
      "205.133037763\n",
      "2.9\n",
      "(array([[  3.10280348e+02,   1.21014065e+00,   1.95859300e+01],\n",
      "       [  1.21014065e+00,   4.87489397e-03,   0.00000000e+00],\n",
      "       [  1.95859300e+01,   0.00000000e+00,   2.25887316e+02]]), 9.0049336374255695)\n",
      "0.0477464829276\n",
      "212.206590789\n",
      "3.0\n",
      "(array([[  3.19546809e+02,   1.21014058e+00,   1.95859299e+01],\n",
      "       [  1.21014058e+00,   4.71233363e-03,  -3.78956126e-08],\n",
      "       [  1.95859299e+01,  -3.78956126e-08,   2.25887316e+02]]), 7.5374813822473481)\n",
      "0.0477464829276\n",
      "219.280143816\n",
      "3.1\n",
      "(array([[  3.28813271e+02,   1.21014061e+00,   1.95859299e+01],\n",
      "       [  1.21014061e+00,   4.56034381e-03,   3.78956126e-08],\n",
      "       [  1.95859299e+01,   3.78956126e-08,   2.25887316e+02]]), 6.170509702078232)\n",
      "0.0477464829276\n",
      "226.353696842\n",
      "3.2\n",
      "(array([[  3.38079732e+02,   1.21014057e+00,   1.95859299e+01],\n",
      "       [  1.21014057e+00,   4.41794394e-03,  -3.78956126e-08],\n",
      "       [  1.95859299e+01,  -3.78956126e-08,   2.25887317e+02]]), 4.8959731805233826)\n",
      "0.0477464829276\n",
      "233.427249868\n",
      "3.3\n",
      "(array([[  3.47346194e+02,   1.21014065e+00,   1.95859300e+01],\n",
      "       [  1.21014065e+00,   4.28397347e-03,   0.00000000e+00],\n",
      "       [  1.95859300e+01,   0.00000000e+00,   2.25887316e+02]]), 3.6833878749771056)\n",
      "0.0477464829276\n",
      "240.500802894\n",
      "3.4\n",
      "(array([[  3.56612655e+02,   1.21014057e+00,   1.95859299e+01],\n",
      "       [  1.21014057e+00,   4.15793977e-03,  -3.78956126e-08],\n",
      "       [  1.95859299e+01,  -3.78956126e-08,   2.25887316e+02]]), 2.5463338731129883)\n",
      "0.0477464829276\n",
      "247.574355921\n",
      "3.5\n",
      "(array([[  3.65879117e+02,   1.21014057e+00,   1.95859299e+01],\n",
      "       [  1.21014057e+00,   4.03913702e-03,   3.78956126e-08],\n",
      "       [  1.95859299e+01,   3.78956126e-08,   2.25887316e+02]]), 1.4764685870727019)\n",
      "0.0477464829276\n",
      "254.647908947\n",
      "3.6\n",
      "(array([[  3.75145578e+02,   1.21014050e+00,   1.95859298e+01],\n",
      "       [  1.21014050e+00,   3.92699680e-03,  -3.78956126e-08],\n",
      "       [  1.95859298e+01,  -3.78956126e-08,   2.25887316e+02]]), 0.47131668775448193)\n",
      "0.0477464829276\n",
      "261.721461973\n",
      "3.7\n",
      "(array([[  3.84412040e+02,   1.21014054e+00,   1.95859299e+01],\n",
      "       [  1.21014054e+00,   3.82087724e-03,   0.00000000e+00],\n",
      "       [  1.95859299e+01,   0.00000000e+00,   2.25887316e+02]]), -0.48286414947450373)\n",
      "0.0477464829276\n",
      "268.795015\n",
      "3.8\n",
      "(array([[  3.93678501e+02,   1.21014057e+00,   1.95859299e+01],\n",
      "       [  1.21014057e+00,   3.72020992e-03,   0.00000000e+00],\n",
      "       [  1.95859299e+01,   0.00000000e+00,   2.25887316e+02]]), -1.3985389543395965)\n",
      "0.0477464829276\n",
      "275.868568026\n",
      "3.9\n",
      "(array([[  4.02944963e+02,   1.21014053e+00,   1.95859299e+01],\n",
      "       [  1.21014053e+00,   3.62489772e-03,   0.00000000e+00],\n",
      "       [  1.95859299e+01,   0.00000000e+00,   2.25887316e+02]]), -2.25023265231864)\n",
      "0.0477464829276\n",
      "282.942121052\n",
      "4.0\n",
      "(array([[  4.12211424e+02,   1.21014057e+00,   1.95859298e+01],\n",
      "       [  1.21014057e+00,   3.53434378e-03,   0.00000000e+00],\n",
      "       [  1.95859298e+01,   0.00000000e+00,   2.25887316e+02]]), -3.0597467817167079)\n",
      "0.0477464829276\n",
      "290.015674079\n",
      "4.1\n",
      "(array([[  4.21477886e+02,   1.21014054e+00,   1.95859299e+01],\n",
      "       [  1.21014054e+00,   3.44812889e-03,   0.00000000e+00],\n",
      "       [  1.95859299e+01,   0.00000000e+00,   2.25887316e+02]]), -3.8368675595414246)\n",
      "0.0477464829276\n",
      "297.089227105\n",
      "4.2\n",
      "(array([[  4.30744347e+02,   1.21014054e+00,   1.95859299e+01],\n",
      "       [  1.21014054e+00,   3.36598305e-03,   7.57912251e-08],\n",
      "       [  1.95859299e+01,   7.57912251e-08,   2.25887316e+02]]), -4.5805771481738073)\n",
      "0.0477464829276\n",
      "304.162780131\n",
      "4.3\n",
      "(array([[  4.40010809e+02,   1.21014062e+00,   1.95859299e+01],\n",
      "       [  1.21014062e+00,   3.28776650e-03,   4.73695157e-09],\n",
      "       [  1.95859299e+01,   4.73695157e-09,   2.25887316e+02]]), -5.2791907353990899)\n",
      "0.0477464829276\n",
      "311.236333157\n",
      "4.4\n",
      "(array([[  4.49277270e+02,   1.21014054e+00,   1.95859298e+01],\n",
      "       [  1.21014054e+00,   3.21288004e-03,   7.10542736e-08],\n",
      "       [  1.95859298e+01,   7.10542736e-08,   2.25887316e+02]]), -5.9684730466888922)\n",
      "0.0477464829276\n",
      "318.309886184\n",
      "4.5\n",
      "(array([[  4.58543732e+02,   1.21014053e+00,   1.95859299e+01],\n",
      "       [  1.21014053e+00,   3.14156049e-03,   0.00000000e+00],\n",
      "       [  1.95859299e+01,   0.00000000e+00,   2.25887316e+02]]), -6.6032107713199828)\n",
      "0.0477464829276\n",
      "325.38343921\n",
      "4.6\n",
      "(array([[  4.67810193e+02,   1.21014061e+00,   1.95859299e+01],\n",
      "       [  1.21014061e+00,   3.07336734e-03,   4.73695157e-09],\n",
      "       [  1.95859299e+01,   4.73695157e-09,   2.25887316e+02]]), -7.2073893155403219)\n",
      "0.0477464829276\n",
      "332.456992236\n",
      "4.7\n",
      "(array([[  4.77076655e+02,   1.21014061e+00,   1.95859298e+01],\n",
      "       [  1.21014061e+00,   3.00794056e-03,   4.73695157e-09],\n",
      "       [  1.95859298e+01,   4.73695157e-09,   2.25887316e+02]]), -7.7999426750115566)\n",
      "0.0477464829276\n",
      "339.530545263\n",
      "4.8\n",
      "(array([[  4.86343116e+02,   1.21014053e+00,   1.95859298e+01],\n",
      "       [  1.21014053e+00,   2.94501016e-03,   0.00000000e+00],\n",
      "       [  1.95859298e+01,   0.00000000e+00,   2.25887316e+02]]), -8.3930688471528008)\n",
      "0.0477464829276\n",
      "346.604098289\n",
      "4.9\n",
      "(array([[  4.95609578e+02,   1.21014061e+00,   1.95859299e+01],\n",
      "       [  1.21014061e+00,   2.88527720e-03,   4.73695157e-09],\n",
      "       [  1.95859299e+01,   4.73695157e-09,   2.25887316e+02]]), -8.8929927514150169)\n",
      "0.0477464829276\n",
      "353.677651315\n",
      "5.0\n",
      "(array([[  5.04876039e+02,   1.21014061e+00,   1.95859299e+01],\n",
      "       [  1.21014061e+00,   2.82751481e-03,  -7.10542736e-08],\n",
      "       [  1.95859299e+01,  -7.10542736e-08,   2.25887316e+02]]), -9.4189617204090936)\n",
      "0.0477464829276\n",
      "360.751204342\n",
      "5.1\n",
      "(array([[  5.14142501e+02,   1.21014061e+00,   1.95859298e+01],\n",
      "       [  1.21014061e+00,   2.77217775e-03,  -4.73695157e-09],\n",
      "       [  1.95859298e+01,  -4.73695157e-09,   2.25887316e+02]]), -9.9059931255035742)\n",
      "0.0477464829276\n",
      "367.824757368\n",
      "5.2\n",
      "(array([[  5.23408962e+02,   1.21014046e+00,   1.95859298e+01],\n",
      "       [  1.21014046e+00,   2.71849861e-03,   0.00000000e+00],\n",
      "       [  1.95859298e+01,   0.00000000e+00,   2.25887316e+02]]), -10.4292238739444)\n",
      "0.0477464829276\n",
      "374.898310394\n",
      "5.3\n",
      "(array([[  5.32675424e+02,   1.21014061e+00,   1.95859299e+01],\n",
      "       [  1.21014061e+00,   2.66730164e-03,  -8.05281767e-08],\n",
      "       [  1.95859299e+01,  -8.05281767e-08,   2.25887316e+02]]), -10.879628314782401)\n",
      "0.0477464829276\n",
      "381.971863421\n",
      "5.4\n",
      "(array([[  5.41941885e+02,   1.21014053e+00,   1.95859298e+01],\n",
      "       [  1.21014053e+00,   2.61798997e-03,   4.73695157e-09],\n",
      "       [  1.95859298e+01,   4.73695157e-09,   2.25887316e+02]]), -11.314162508700107)\n",
      "0.0477464829276\n",
      "389.045416447\n",
      "5.5\n",
      "(array([[  5.51208347e+02,   1.21014062e+00,   1.95859298e+01],\n",
      "       [  1.21014062e+00,   2.57034571e-03,  -7.10542736e-08],\n",
      "       [  1.95859298e+01,  -7.10542736e-08,   2.25887316e+02]]), -11.748254980141244)\n",
      "0.0477464829276\n",
      "396.118969473\n",
      "5.6\n",
      "(array([[  5.60474808e+02,   1.21014061e+00,   1.95859299e+01],\n",
      "       [  1.21014061e+00,   2.52461045e-03,   0.00000000e+00],\n",
      "       [  1.95859299e+01,   0.00000000e+00,   2.25887316e+02]]), -12.140790261044199)\n",
      "0.0477464829276\n",
      "403.192522499\n",
      "5.7\n",
      "(array([[  5.69741270e+02,   1.21014062e+00,   1.95859299e+01],\n",
      "       [  1.21014062e+00,   2.48031995e-03,  -7.10542736e-08],\n",
      "       [  1.95859299e+01,  -7.10542736e-08,   2.25887316e+02]]), -12.539422853905316)\n",
      "0.0477464829276\n",
      "410.266075526\n",
      "5.8\n",
      "(array([[  5.79007731e+02,   1.21014061e+00,   1.95859298e+01],\n",
      "       [  1.21014061e+00,   2.43744580e-03,  -4.73695157e-09],\n",
      "       [  1.95859298e+01,  -4.73695157e-09,   2.25887316e+02]]), -12.938755197582003)\n",
      "0.0477464829276\n",
      "417.339628552\n",
      "5.9\n",
      "(array([[  5.88274193e+02,   1.21014068e+00,   1.95859299e+01],\n",
      "       [  1.21014068e+00,   2.39619169e-03,   0.00000000e+00],\n",
      "       [  1.95859299e+01,   0.00000000e+00,   2.25887316e+02]]), -13.302960580891515)\n",
      "0.0477464829276\n",
      "424.413181578\n",
      "6.0\n",
      "(array([[  5.97540654e+02,   1.21014053e+00,   1.95859299e+01],\n",
      "       [  1.21014053e+00,   2.35623077e-03,   0.00000000e+00],\n",
      "       [  1.95859299e+01,   0.00000000e+00,   2.25887316e+02]]), -13.665699507822207)\n"
     ]
    }
   ],
   "source": [
    "d_c = 1.0 #1.0\n",
    "d_p = 0.3 #0.3\n",
    "R_cp = 0.01 #0.05\n",
    "l = 1.0\n",
    "Z_c = 1.0\n",
    "BA = 0.00000001\n",
    "\n",
    "#colloid and polymer\n",
    "n_c = 0.025\n",
    "p_c = 6.0*n_c/(pi*d_c*d_c*d_c)\n",
    "\n",
    "#salt\n",
    "p_s = 0.1*p_c\n",
    "\n",
    "n_p_inc = 0.1\n",
    "n_p_min = 1.0 #2.1\n",
    "n_p_max = 6.0 #2.5\n",
    "n_p_data_2 = []\n",
    "det_data_2 = []\n",
    "#det_data_3 = []\n",
    "#det_data_4 = []\n",
    "min_step= 0.001 #0.001\n",
    "for k in range(int(n_p_min/n_p_inc) - 1, int(n_p_max/n_p_inc) + 1):\n",
    "    n_p = n_p_inc*k\n",
    "    p_p = 6.0*n_p/(pi*d_p*d_p*d_p)\n",
    "    \n",
    "    print p_c\n",
    "    print p_p\n",
    "    \n",
    "    determinant = calculate_stability_determinant(p_c, p_p, p_s, d_c, d_p, l, Z_c, R_cp, BA, min_step)\n",
    "    #determinant2 = calculate_stability_determinant_ao_pure(p_c, p_p, d_c, d_p, min_step)\n",
    "\n",
    "    \n",
    "    print n_p\n",
    "    print determinant\n",
    "    n_p_data_2.append(n_p)\n",
    "    det_data_2.append(determinant[1])\n",
    "    #det_data_3.append(determinant[1])\n",
    "    #det_data_4.append(determinant[1])\n"
   ]
  },
  {
   "cell_type": "code",
   "execution_count": 39,
   "metadata": {
    "collapsed": false
   },
   "outputs": [
    {
     "data": {
      "text/plain": [
       "[<matplotlib.lines.Line2D at 0x26d93ef0>]"
      ]
     },
     "execution_count": 39,
     "metadata": {},
     "output_type": "execute_result"
    },
    {
     "data": {
